Latitude: 30°03′49″S   -30.06355608
Longitude: 51°13′59″W   -51.2331063
Distance: 3.5427 km  Bearing: 204.819°
Latitude: 30°02′32″S   -30.04208508
Longitude: 51°15′27″W   -51.25745683
Distance: 3.9204 km  Bearing: 257.808°
Latitude: 30°01′54″S   -30.03152967
Longitude: 51°12′29″W   -51.20818753
Distance: 0.9757 km  Bearing: 69.185°
Latitude: 30°01′07″S   -30.01863604
Longitude: 51°11′42″W   -51.19509983
Distance: 2.809 km  Bearing: 50.662°